Raw fix keypoints
[386.95, 386.975, 387.0, 387.025, 387.05, 387.075, 387.1, 387.125, 387.15, 387.175, 387.2, 387.225, 387.25, 387.275, 387.3, 387.325, 387.35, 387.375, 387.4, 387.425, 387.45, 387.475, 387.5, 387.525, 387.55, 387.575]
[49.900000002014586, 49.90000000201384, 49.900000002015034, 49.90000000201564, 49.90000000201669, 49.900000002017244, 49.90000000201852, 49.90000000201911, 49.90000000201899, 49.90000000201882, 49.9000000020186, 49.90000000201892, 49.90000000201904, 49.90000000202001, 49.900000002020896, 49.90000000202052, 49.9000000020207, 49.90000000202035, 49.90000000202025, 49.9000000020204, 49.900000002020036, 49.900000002021045, 49.90000000202123, 49.90000000202211, 49.90000000202241, 49.90000000202191]
[8.90000001989038, 8.90000001989063, 8.90000001989041, 8.900000019891067, 8.900000019890797, 8.900000019890815, 8.900000019891456, 8.900000019890959, 8.900000019891694, 8.90000001989086, 8.900000019890928, 8.90000001988938, 8.90000001988763, 8.900000019887361, 8.900000019888274, 8.900000019887585, 8.900000019888088, 8.900000019887091, 8.90000001988771, 8.900000019885631, 8.900000019884681, 8.900000019884187, 8.900000019885061, 8.900000019883883, 8.900000019884674, 8.900000019885194]
[0.13237544951115998, 0.13237534426859127, 0.13237530717937285, 0.13237544556933098, 0.13237541541059847, 0.13237544174391383, 0.1323754595186384, 0.1323754143887577, 0.13237533448777905, 0.13237534732663542, 0.1323754030701137, 0.13237538928005094, 0.13237544062875842, 0.13237546798112848, 0.13237541935104447, 0.13237543530471782, 0.13237538707231114, 0.13237541887274548, 0.13237543256028667, 0.132375411436223, 0.13237533521495412, 0.1323754139467486, 0.1323754537744045, 0.1323754642323236, 0.13237549316205033, 0.1323754904397379]
Filtered gps keypoints
[386.88, 386.92, 386.98, 387.04, 387.08, 387.12, 387.158, 387.18, 387.22, 387.28, 387.36, 387.38, 387.42, 387.46, 387.5, 387.525]
[49.90000000396876, 49.90000000396161, 49.90000000396459, 49.90000000395218, 49.90000000396684, 49.900000003969154, 49.90000000396518, 49.90000000396567, 49.90000000395558, 49.900000003967335, 49.90000000394502, 49.900000003960514, 49.90000000396417, 49.900000003985525, 49.900000003988914, 49.90000000397028]
[8.900000019898538, 8.900000019875812, 8.900000019875684, 8.900000019873, 8.90000001988912, 8.900000019902858, 8.900000019907985, 8.900000019901528, 8.900000019880592, 8.900000019868978, 8.900000019904674, 8.900000019888756, 8.900000019867067, 8.900000019887718, 8.90000001987979, 8.900000019879862]
[0.13238790300671022, 0.13238790300671022, 0.13238790300671022, 0.13238790300671022, 0.13238790300671022, 0.13238790300671022, 0.13238790300671022, 0.13238790300671022, 0.13238790300671022, 0.13238790300671022, 0.13238790300671022, 0.13238790300671022, 0.13238790300671022, 0.13238790300671022, 0.13238790300671022, 0.13238790300671022]
Map keypoints
[386.94, 386.98, 387.02, 387.04, 387.08, 387.12, 387.158, 387.18, 387.22, 387.26, 387.28, 387.32, 387.36, 387.38, 387.42, 387.46, 387.5, 387.525, 387.56]
[0.0002431217261308707, 0.00024343225792724027, 0.00024150181581916535, 0.0002420524577660082, 0.00024368333774064238, 0.0002439419897943632, 0.0002435010476600707, 0.00024355462384785176, 0.00024243218525460237, 0.00024403967799017047, 0.00024373686558529508, 0.0002448550556603191, 0.00024125866736643116, 0.00024298144066407746, 0.00024338467784523562, 0.0002457607315111682, 0.00024613651240167934, 0.0002440642568645862, 0.0002439107188838196]
[2.03191548122758e-05, 2.041777985736799e-05, 2.069591118414553e-05, 2.0608478831672395e-05, 1.9453283354901014e-05, 1.846702905219139e-05, 1.8098152383666736e-05, 1.856192326564135e-05, 2.0063792503116728e-05, 1.9332972702813973e-05, 2.0899813788012777e-05, 2.0127902293827652e-05, 1.833262557497652e-05, 1.9478291644743216e-05, 2.1036649854357423e-05, 1.9556996896859696e-05, 2.0126902922905972e-05, 2.011866291493552e-05, 2.0345468042861005e-05]